
CPA-SI|23207|+CIUSD|C-4|51|32214|1.429195|0|0|0|0|0|46040.08773|14/08/2017|0|10/08/2017|0|0|46040.08773|11/08/2017|1.429195|0
CPA-SI|23243|+CIUSD|C-4|51|56226|1.429195|0|0|0|0|0|80357.91807|14/08/2017|0|10/08/2017|0|0|80357.91807|11/08/2017|1.429195|0
CPA-SI|23265|+CIUSD|C-4|51|16868|1.429195|0|0|0|0|0|24107.66126|14/08/2017|0|10/08/2017|0|0|24107.66126|11/08/2017|1.429195|0
CPA-SI|23820|+CIUSD|C-4|51|300539|1.429195|0|0|0|0|0|428275.43209|14/08/2017|0|10/08/2017|0|0|428275.43209|11/08/2017|1.429195|0
CPA-SI|24253|+CIUSD|C-4|51|91869|1.429195|0|0|0|0|0|131298.715455|14/08/2017|0|10/08/2017|0|0|131298.715455|11/08/2017|1.429195|0
CPA-SI|24632|+CIUSD|C-4|51|175996|1.429195|0|0|0|0|0|251532.60322|14/08/2017|0|10/08/2017|0|0|251532.60322|11/08/2017|1.429195|0
CPA-SI|25246|+CIUSD|C-4|51|124444|1.429195|0|0|0|0|0|177854.74258|14/08/2017|0|10/08/2017|0|0|177854.74258|11/08/2017|1.429195|0
CPA-SI|26143|+CIUSD|C-4|51|34532|1.429195|0|0|0|0|0|49352.96174|14/08/2017|0|10/08/2017|0|0|49352.96174|11/08/2017|1.429195|0
CPA-SI|26228|+CIUSD|C-4|51|88299|1.429195|0|0|0|0|0|126196.489305|14/08/2017|0|10/08/2017|0|0|126196.489305|11/08/2017|1.429195|0
CPA-SI|26309|+CIUSD|C-4|51|19982|1.429195|0|0|0|0|0|28558.17449|14/08/2017|0|10/08/2017|0|0|28558.17449|11/08/2017|1.429195|0
CPA-SI|26358|+CIUSD|C-4|51|135835|1.429195|0|0|0|0|0|194134.702825|14/08/2017|0|10/08/2017|0|0|194134.702825|11/08/2017|1.429195|0
CPA-SI|50006|+CIUSD|C-4|51|73355|1.429195|0|0|0|0|0|104838.599225|14/08/2017|0|10/08/2017|0|0|104838.599225|11/08/2017|1.429195|0
CPA-SI|50036|+CIUSD|C-4|51|256119|1.429195|0|0|0|0|0|366045.4234|14/08/2017|0|10/08/2017|0|0|366045.4234|11/08/2017|1.429195|0
CPA-SI|26437|+CIUSD|C-4|51|30238|1.429195|0|0|0|0|0|43217.427605|14/08/2017|0|10/08/2017|0|0|43217.427605|11/08/2017|1.429195|0
CPA-SI|50012|+CIUSD|C-4|51|468887|1.429195|0|0|0|0|0|670132.38516|14/08/2017|0|10/08/2017|0|0|670132.38516|11/08/2017|1.429195|0
CPA-SI|50060|+CIUSD|C-4|51|77011|1.429195|0|0|0|0|0|110063.736145|14/08/2017|0|10/08/2017|0|0|110063.736145|11/08/2017|1.429195|0
CPA-SI|50061|+CIUSD|C-4|51|158832|1.429195|0|0|0|0|0|227001.90024|14/08/2017|0|10/08/2017|0|0|227001.90024|11/08/2017|1.429195|0
CPA-SI|26484|+CIUSD|C-4|51|34532|1.429195|0|0|0|0|0|49352.96174|14/08/2017|0|10/08/2017|0|0|49352.96174|11/08/2017|1.429195|0
CPA-SI|50059|+CIUSD|C-4|51|19302|1.429195|0|0|0|0|0|27586.32189|14/08/2017|0|10/08/2017|0|0|27586.32189|11/08/2017|1.429195|0