
VTA-SI|23207|+CIUSD|BF-2|51|32214|1.429195|0|0|0|0|0|46040.08773|14/08/2017|0|10/08/2017|0|0|46040.08773|11/08/2017|1.429195|0
VTA-SI|23243|+CIUSD|BF-2|51|56226|1.429195|0|0|0|0|0|80357.91807|14/08/2017|0|10/08/2017|0|0|80357.91807|11/08/2017|1.429195|0
VTA-SI|23265|+CIUSD|BF-2|51|16868|1.429195|0|0|0|0|0|24107.66126|14/08/2017|0|10/08/2017|0|0|24107.66126|11/08/2017|1.429195|0
VTA-SI|23820|+CIUSD|BM-3|51|299662|1.429195|0|0|0|0|0|428275.43209|14/08/2017|0|10/08/2017|0|0|428275.43209|11/08/2017|1.429195|0
VTA-SI|24253|+CIUSD|BF-2|51|91869|1.429195|0|0|0|0|0|131298.715455|14/08/2017|0|10/08/2017|0|0|131298.715455|11/08/2017|1.429195|0
VTA-SI|24632|+CIUSD|BF-2|51|175996|1.429195|0|0|0|0|0|251532.60322|14/08/2017|0|10/08/2017|0|0|251532.60322|11/08/2017|1.429195|0
VTA-SI|25246|+CIUSD|BF-2|51|124444|1.429195|0|0|0|0|0|177854.74258|14/08/2017|0|10/08/2017|0|0|177854.74258|11/08/2017|1.429195|0
VTA-SI|26143|+CIUSD|BF-2|51|34532|1.429195|0|0|0|0|0|49352.96174|14/08/2017|0|10/08/2017|0|0|49352.96174|11/08/2017|1.429195|0
VTA-SI|26228|+CIUSD|BF-2|51|88299|1.429195|0|0|0|0|0|126196.489305|14/08/2017|0|10/08/2017|0|0|126196.489305|11/08/2017|1.429195|0
VTA-SI|26309|+CIUSD|BF-2|51|19982|1.429195|0|0|0|0|0|28558.17449|14/08/2017|0|10/08/2017|0|0|28558.17449|11/08/2017|1.429195|0
VTA-SI|26358|+CIUSD|BF-2|51|135835|1.429195|0|0|0|0|0|194134.702825|14/08/2017|0|10/08/2017|0|0|194134.702825|11/08/2017|1.429195|0
VTA-SI|50006|+CIUSD|BF-2|51|73355|1.429195|0|0|0|0|0|104838.599225|14/08/2017|0|10/08/2017|0|0|104838.599225|11/08/2017|1.429195|0
VTA-SI|50036|+CIUSD|BF-2|51|256120|1.429195|0|0|0|0|0|366045.4234|14/08/2017|0|10/08/2017|0|0|366045.4234|11/08/2017|1.429195|0
VTA-SI|26437|+CIUSD|BF-2|51|30239|1.429195|0|0|0|0|0|43217.427605|14/08/2017|0|10/08/2017|0|0|43217.427605|11/08/2017|1.429195|0
VTA-SI|50012|+CIUSD|BF-2|51|468888|1.429195|0|0|0|0|0|670132.38516|14/08/2017|0|10/08/2017|0|0|670132.38516|11/08/2017|1.429195|0
VTA-SI|50060|+CIUSD|BF-2|51|77011|1.429195|0|0|0|0|0|110063.736145|14/08/2017|0|10/08/2017|0|0|110063.736145|11/08/2017|1.429195|0
VTA-SI|50061|+CIUSD|BF-2|51|158832|1.429195|0|0|0|0|0|227001.90024|14/08/2017|0|10/08/2017|0|0|227001.90024|11/08/2017|1.429195|0
VTA-SI|26484|+CIUSD|BF-2|51|34532|1.429195|0|0|0|0|0|49352.96174|14/08/2017|0|10/08/2017|0|0|49352.96174|11/08/2017|1.429195|0
VTA-SI|50059|+CIUSD|BF-2|51|19302|1.429195|0|0|0|0|0|27586.32189|14/08/2017|0|10/08/2017|0|0|27586.32189|11/08/2017|1.429195|0